[Calibration_parameters]
idCam0=                          831612070293
idCam1=                          829212071391
idCam2=                          829212072264
idCam3=                          728312070655
idCam4=                          836612071402
idCam5=                          848312070429
idCam6=                          846112070086
idCam7=                          728312070946
idCam8=                          848312070416
idCam9=                          848312070090
matCam0=                         1.00000000000000000000000000000000,0.00000000000000000000000000000000,0.00000000000000000000000000000000,0.00000000000000000000000000000000,0.00000000000000000000000000000000,1.00000000000000000000000000000000,0.00000000000000000000000000000000,0.00000000000000000000000000000000,0.00000000000000000000000000000000,0.00000000000000000000000000000000,1.00000000000000000000000000000000,0.00000000000000000000000000000000,0.00000000000000000000000000000000,0.00000000000000000000000000000000,0.00000000000000000000000000000000,1.00000000000000000000000000000000
matCam1=                         0.80409824848175048828125000000000,0.48739722371101379394531250000000,-0.34039604663848876953125000000000,0.29478198289871215820312500000000,-0.36588847637176513671875000000000,-0.04555282741785049438476562500000,-0.92954277992248535156250000000000,0.77487373352050781250000000000000,-0.46856290102005004882812500000000,0.87199085950851440429687500000000,0.14170391857624053955078125000000,0.71972101926803588867187500000000,0.00000000000000000000000000000000,0.00000000000000000000000000000000,0.00000000000000000000000000000000,1.00000000000000000000000000000000
matCam2=                         0.80033183097839355468750000000000,-0.43308871984481811523437500000000,-0.41461142897605895996093750000000,0.37110617756843566894531250000000,0.46193918585777282714843750000000,0.00458506168797612190246582031250,0.88689923286437988281250000000000,-0.75553172826766967773437500000000,-0.38220521807670593261718750000000,-0.90133947134017944335937500000000,0.20373030006885528564453125000000,0.69081497192382812500000000000000,0.00000000000000000000000000000000,0.00000000000000000000000000000000,0.00000000000000000000000000000000,1.00000000000000000000000000000000
matCam3=                         0.58501684665679931640625000000000,0.03735959529876708984375000000000,-0.81015998125076293945312500000000,0.71328943967819213867187500000000,0.06158538535237312316894531250000,-0.99810028076171875000000000000000,-0.00155544443987309932708740234375,0.01393958646804094314575195312500,-0.80867928266525268554687500000000,-0.04898412898182868957519531250000,-0.58620637655258178710937500000000,1.36899960041046142578125000000000,0.00000000000000000000000000000000,0.00000000000000000000000000000000,0.00000000000000000000000000000000,1.00000000000000000000000000000000
matCam4=                         0.03343252465128898620605468750000,-0.63030815124511718750000000000000,0.77562469244003295898437500000000,-0.92354953289031982421875000000000,0.99821633100509643554687500000000,-0.01734114065766334533691406250000,-0.05711948871612548828125000000000,-0.02010768838226795196533203125000,0.04945314675569534301757812500000,0.77615118026733398437500000000000,0.62860405445098876953125000000000,0.40892109274864196777343750000000,0.00000000000000000000000000000000,0.00000000000000000000000000000000,0.00000000000000000000000000000000,1.00000000000000000000000000000000
matCam5=                         0.02185682952404022216796875000000,-0.99943828582763671875000000000000,0.02539092302322387695312500000000,-0.27662611007690429687500000000000,-0.99874788522720336914062500000000,-0.02068453654646873474121093750000,0.04554484039545059204101562500000,-0.04046855866909027099609375000000,-0.04499411582946777343750000000000,-0.02635467052459716796875000000000,-0.99863892793655395507812500000000,1.84171104431152343750000000000000,0.00000000000000000000000000000000,0.00000000000000000000000000000000,0.00000000000000000000000000000000,1.00000000000000000000000000000000
matCam6=                         0.63297730684280395507812500000000,-0.06973322480916976928710937500000,0.77102303504943847656250000000000,-1.45921146869659423828125000000000,0.02671697363257408142089843750000,0.99730873107910156250000000000000,0.06826506555080413818359375000000,-0.02862433902919292449951171875000,-0.77370876073837280273437500000000,-0.02261056005954742431640625000000,0.63313692808151245117187500000000,0.73311114311218261718750000000000,0.00000000000000000000000000000000,0.00000000000000000000000000000000,0.00000000000000000000000000000000,1.00000000000000000000000000000000
matCam7=                         0.99812304973602294921875000000000,-0.01195748150348663330078125000000,-0.06005622446537017822265625000000,-0.76985663175582885742187500000000,-0.01132293790578842163085937500000,-0.99987542629241943359375000000000,0.01090014725923538208007812500000,0.02576316893100738525390625000000,-0.06017948314547538757324218750000,-0.01019968464970588684082031250000,-0.99813461303710937500000000000000,2.07865858078002929687500000000000,0.00000000000000000000000000000000,0.00000000000000000000000000000000,0.00000000000000000000000000000000,1.00000000000000000000000000000000
matCam8=                         0.82077026367187500000000000000000,0.43835669755935668945312500000000,0.36630403995513916015625000000000,-1.09563755989074707031250000000000,0.40526866912841796875000000000000,0.00510005280375480651855468750000,-0.91418218612670898437500000000000,0.72813445329666137695312500000000,-0.40260645747184753417968750000000,0.89878571033477783203125000000000,-0.17346671223640441894531250000000,1.39817500114440917968750000000000,0.00000000000000000000000000000000,0.00000000000000000000000000000000,0.00000000000000000000000000000000,1.00000000000000000000000000000000
matCam9=                         0.85248196125030517578125000000000,-0.40412437915802001953125000000000,0.33159795403480529785156250000000,-1.11262035369873046875000000000000,-0.36394581198692321777343750000000,-0.00347016379237174987792968750000,0.93141245841979980468750000000000,-0.77370351552963256835937500000000,-0.37525665760040283203125000000000,-0.91469633579254150390625000000000,-0.15003739297389984130859375000000,1.44123339653015136718750000000000,0.00000000000000000000000000000000,0.00000000000000000000000000000000,0.00000000000000000000000000000000,1.00000000000000000000000000000000
